0.000000e+00 -3.988302e-01
1.010101e-01 -1.632971e-01
2.020202e-01 -1.092113e-01
3.030303e-01 -4.330968e-02
4.040404e-01 1.691144e-01
5.050505e-01 1.507942e-01
6.060606e-01 4.412408e-01
7.070707e-01 4.000518e-01
8.080808e-01 4.858105e-01
9.090909e-01 7.712984e-01
1.010101e+00 7.282950e-01
1.111111e+00 8.834272e-01
1.212121e+00 1.163948e+00
1.313131e+00 1.318621e+00
1.414141e+00 1.322655e+00
1.515152e+00 1.425371e+00
1.616162e+00 1.653228e+00
1.717172e+00 1.654645e+00
1.818182e+00 1.864032e+00
1.919192e+00 2.027645e+00
2.020202e+00 2.098619e+00
2.121212e+00 2.398070e+00
2.222222e+00 2.440584e+00
2.323232e+00 2.523919e+00
2.424242e+00 2.720658e+00
2.525253e+00 2.795964e+00
2.626263e+00 2.935486e+00
2.727273e+00 3.184780e+00
2.828283e+00 3.280663e+00
2.929293e+00 3.417430e+00
3.030303e+00 3.731606e+00
3.131313e+00 3.819381e+00
3.232323e+00 4.095371e+00
3.333333e+00 4.229888e+00
3.434343e+00 4.328951e+00
3.535354e+00 4.602164e+00
3.636364e+00 4.655247e+00
3.737374e+00 4.791266e+00
3.838384e+00 4.935209e+00
3.939394e+00 5.258225e+00
4.040404e+00 5.315845e+00
4.141414e+00 5.675320e+00
4.242424e+00 5.777589e+00
4.343434e+00 5.880684e+00
4.444444e+00 6.179066e+00
4.545455e+00 6.426869e+00
4.646465e+00 6.580804e+00
4.747475e+00 6.660089e+00
4.848485e+00 6.909873e+00
4.949495e+00 7.104651e+00
5.050505e+00 7.222825e+00
5.151515e+00 7.523762e+00
5.252525e+00 7.806745e+00
5.353535e+00 7.908425e+00
5.454545e+00 8.228740e+00
5.555556e+00 8.376756e+00
5.656566e+00 8.596544e+00
5.757576e+00 8.770870e+00
5.858586e+00 8.945714e+00
5.959596e+00 9.263275e+00
6.060606e+00 9.578155e+00
6.161616e+00 9.722303e+00
6.262626e+00 9.994975e+00
6.363636e+00 1.026052e+01
6.464646e+00 1.030611e+01
6.565657e+00 1.057216e+01
6.666667e+00 1.075800e+01
6.767677e+00 1.111943e+01
6.868687e+00 1.119732e+01
6.969697e+00 1.156749e+01
7.070707e+00 1.180128e+01
7.171717e+00 1.197191e+01
7.272727e+00 1.219673e+01
7.373737e+00 1.246792e+01
7.474747e+00 1.269216e+01
7.575758e+00 1.294988e+01
7.676768e+00 1.335505e+01
7.777778e+00 1.345899e+01
7.878788e+00 1.390241e+01
7.979798e+00 1.399868e+01
8.080808e+00 1.426761e+01
8.181818e+00 1.469204e+01
8.282828e+00 1.474406e+01
8.383838e+00 1.525821e+01
8.484848e+00 1.544808e+01
8.585859e+00 1.558975e+01
8.686869e+00 1.586192e+01
8.787879e+00 1.623218e+01
8.888889e+00 1.651268e+01
8.989899e+00 1.679291e+01
9.090909e+00 1.716146e+01
9.191919e+00 1.748278e+01
9.292929e+00 1.762191e+01
9.393939e+00 1.802694e+01
9.494949e+00 1.828103e+01
9.595960e+00 1.852281e+01
9.696970e+00 1.870128e+01
9.797980e+00 1.911705e+01
9.898990e+00 1.953577e+01
1.000000e+01 1.977238e+01
